1.000000,1.000000,1.000000,1.000000,1.000000,1.000000,1.000000,1.000000,1.000000,1.000000,1.000000,1.000000,1.000000,1.000000,1.000000,1.000000,1.000000,1.000000,1.000000,1.000000,1.000000,1.000000,1.000000,1.000000,1.000000,1.000000,1.000000,1.000000,1.000000,1.000000,1.000000,1.000000,1.000000,1.000000,1.000000,1.000000,1.000000,1.000000,1.000000,1.000000,1.000000,1.000000,1.000000,1.000000,1.000000,1.000000,1.000000,1.000000,1.000000,1.000000,1.000000,1.000000,1.000000,1.000000,1.000000,1.000000,1.000000,1.000000,1.000000,1.000000,1.000000,1.000000,1.000000,1.000000
1.000000,1.000000,1.000000,1.000000,1.000000,1.000000,1.000000,1.000000,1.000000,1.000000,1.000000,1.000000,1.000000,1.000000,1.000000,1.000000,1.000000,1.000000,1.000000,1.000000,1.000000,1.000000,1.000000,1.000000,1.000000,1.000000,1.000000,1.000000,1.000000,1.000000,1.000000,1.000000,1.000000,1.000000,1.000000,1.000000,1.000000,1.000000,1.000000,1.000000,1.000000,1.000000,1.000000,1.000000,1.000000,1.000000,1.000000,1.000000,1.000000,1.000000,1.000000,1.000000,1.000000,1.000000,1.000000,1.000000,1.000000,1.000000,1.000000,1.000000,1.000000,1.000000,1.000000,1.000000
1.000000,1.000000,1.000000,1.000000,1.000000,1.000000,1.000000,1.000000,1.000000,1.000000,1.000000,1.000000,1.000000,1.000000,1.000000,1.000000,1.000000,1.000000,1.000000,1.000000,1.000000,1.000000,1.000000,1.000000,1.000000,1.000000,1.000000,1.000000,1.000000,1.000000,1.000000,1.000000,1.000000,1.000000,1.000000,1.000000,1.000000,1.000000,1.000000,1.000000,1.000000,1.000000,1.000000,1.000000,1.000000,1.000000,1.000000,1.000000,1.000000,1.000000,1.000000,1.000000,1.000000,1.000000,1.000000,1.000000,1.000000,1.000000,1.000000,1.000000,1.000000,1.000000,1.000000,1.000000
1.000000,1.000000,1.000000,1.000000,1.000000,1.000000,1.000000,1.000000,1.000000,1.000000,1.000000,1.000000,1.000000,1.000000,1.000000,1.000000,1.000000,1.000000,1.000000,1.000000,1.000000,1.000000,1.000000,1.000000,1.000000,1.000000,1.000000,1.000000,1.000000,1.000000,1.000000,1.000000,1.000000,1.000000,1.000000,1.000000,1.000000,1.000000,1.000000,1.000000,1.000000,1.000000,1.000000,1.000000,1.000000,1.000000,1.000000,1.000000,1.000000,1.000000,1.000000,1.000000,1.000000,1.000000,1.000000,1.000000,1.000000,1.000000,1.000000,1.000000,1.000000,1.000000,1.000000,1.000000
1.000000,1.000000,1.000000,1.000000,1.000000,1.000000,1.000000,1.000000,1.000000,1.000000,1.000000,1.000000,1.000000,1.000000,1.000000,1.000000,1.000000,1.000000,1.000000,1.000000,1.000000,1.000000,1.000000,1.000000,1.000000,1.000000,1.000000,1.000000,1.000000,1.000000,1.000000,1.000000,1.000000,1.000000,1.000000,1.000000,1.000000,1.000000,1.000000,1.000000,1.000000,1.000000,1.000000,1.000000,1.000000,1.000000,1.000000,1.000000,1.000000,1.000000,1.000000,1.000000,1.000000,1.000000,1.000000,1.000000,1.000000,1.000000,1.000000,1.000000,1.000000,1.000000,1.000000,1.000000
1.000000,1.000000,1.000000,1.000000,1.000000,1.000000,1.000000,1.000000,1.000000,1.000000,1.000000,1.000000,1.000000,1.000000,1.000000,1.000000,1.000000,1.000000,1.000000,1.000000,1.000000,1.000000,1.000000,1.000000,1.000000,1.000000,1.000000,1.000000,1.000000,1.000000,1.000000,1.000000,1.000000,1.000000,1.000000,1.000000,1.000000,1.000000,1.000000,1.000000,1.000000,1.000000,1.000000,1.000000,1.000000,1.000000,1.000000,1.000000,1.000000,1.000000,1.000000,1.000000,1.000000,1.000000,1.000000,1.000000,1.000000,1.000000,1.000000,1.000000,1.000000,1.000000,1.000000,1.000000
1.000000,1.000000,1.000000,1.000000,1.000000,1.000000,1.000000,1.000000,1.000000,1.000000,1.000000,1.000000,1.000000,1.000000,1.000000,1.000000,1.000000,1.000000,1.000000,1.000000,1.000000,1.000000,1.000000,1.000000,1.000000,1.000000,1.000000,1.000000,1.000000,1.000000,1.000000,1.000000,1.000000,1.000000,1.000000,1.000000,1.000000,1.000000,1.000000,1.000000,1.000000,1.000000,1.000000,1.000000,1.000000,1.000000,1.000000,1.000000,1.000000,1.000000,1.000000,1.000000,1.000000,1.000000,1.000000,1.000000,1.000000,1.000000,1.000000,1.000000,1.000000,1.000000,1.000000,1.000000
1.000000,1.000000,1.000000,1.000000,1.000000,1.000000,1.000000,1.000000,1.000000,1.000000,1.000000,1.000000,1.000000,1.000000,1.000000,1.000000,1.000000,1.000000,1.000000,1.000000,1.000000,1.000000,1.000000,1.000000,1.000000,1.000000,1.000000,1.000000,1.000000,1.000000,1.000000,1.000000,1.000000,1.000000,1.000000,1.000000,1.000000,1.000000,1.000000,1.000000,1.000000,1.000000,1.000000,1.000000,1.000000,1.000000,1.000000,1.000000,1.000000,1.000000,1.000000,1.000000,1.000000,1.000000,1.000000,1.000000,1.000000,1.000000,1.000000,1.000000,1.000000,1.000000,1.000000,1.000000
1.000000,1.000000,1.000000,1.000000,1.000000,1.000000,1.000000,1.000000,1.000000,1.000000,1.000000,1.000000,1.000000,1.000000,1.000000,1.000000,1.000000,1.000000,1.000000,1.000000,1.000000,1.000000,1.000000,1.000000,1.000000,1.000000,1.000000,1.000000,1.000000,1.000000,1.000000,1.000000,1.000000,1.000000,1.000000,1.000000,1.000000,1.000000,1.000000,1.000000,1.000000,1.000000,1.000000,1.000000,1.000000,1.000000,1.000000,1.000000,1.000000,1.000000,1.000000,1.000000,1.000000,1.000000,1.000000,1.000000,1.000000,1.000000,1.000000,1.000000,1.000000,1.000000,1.000000,1.000000
1.000000,1.000000,1.000000,1.000000,1.000000,1.000000,1.000000,1.000000,1.000000,1.000000,1.000000,1.000000,1.000000,1.000000,1.000000,1.000000,1.000000,1.000000,1.000000,1.000000,1.000000,1.000000,1.000000,1.000000,1.000000,1.000000,1.000000,1.000000,1.000000,1.000000,1.000000,1.000000,1.000000,1.000000,1.000000,1.000000,1.000000,1.000000,1.000000,1.000000,1.000000,1.000000,1.000000,1.000000,1.000000,1.000000,1.000000,1.000000,1.000000,1.000000,1.000000,1.000000,1.000000,1.000000,1.000000,1.000000,1.000000,1.000000,1.000000,1.000000,1.000000,1.000000,1.000000,1.000000
1.000000,1.000000,1.000000,1.000000,1.000000,1.000000,1.000000,1.000000,1.000000,1.000000,1.000000,1.000000,1.000000,1.000000,1.000000,1.000000,1.000000,1.000000,1.000000,1.000000,1.000000,1.000000,1.000000,1.000000,1.000000,1.000000,1.000000,1.000000,1.000000,1.000000,1.000000,1.000000,1.000000,1.000000,1.000000,1.000000,1.000000,1.000000,1.000000,1.000000,1.000000,1.000000,1.000000,1.000000,1.000000,1.000000,1.000000,1.000000,1.000000,1.000000,1.000000,1.000000,1.000000,1.000000,1.000000,1.000000,1.000000,1.000000,1.000000,1.000000,1.000000,1.000000,1.000000,1.000000
1.000000,1.000000,1.000000,1.000000,1.000000,1.000000,1.000000,1.000000,1.000000,1.000000,1.000000,1.000000,1.000000,1.000000,1.000000,1.000000,1.000000,1.000000,1.000000,1.000000,1.000000,1.000000,1.000000,1.000000,1.000000,1.000000,1.000000,1.000000,1.000000,1.000000,1.000000,1.000000,1.000000,1.000000,1.000000,1.000000,1.000000,1.000000,1.000000,1.000000,1.000000,1.000000,1.000000,1.000000,1.000000,1.000000,1.000000,1.000000,1.000000,1.000000,1.000000,1.000000,1.000000,1.000000,1.000000,1.000000,1.000000,1.000000,1.000000,1.000000,1.000000,1.000000,1.000000,1.000000
1.000000,1.000000,1.000000,1.000000,1.000000,1.000000,1.000000,1.000000,1.000000,1.000000,1.000000,1.000000,1.000000,1.000000,1.000000,1.000000,1.000000,1.000000,1.000000,1.000000,1.000000,1.000000,1.000000,1.000000,1.000000,1.000000,1.000000,1.000000,1.000000,1.000000,1.000000,1.000000,1.000000,1.000000,1.000000,1.000000,1.000000,1.000000,1.000000,1.000000,1.000000,1.000000,1.000000,1.000000,1.000000,1.000000,1.000000,1.000000,1.000000,1.000000,1.000000,1.000000,1.000000,1.000000,1.000000,1.000000,1.000000,1.000000,1.000000,1.000000,1.000000,1.000000,1.000000,1.000000
1.000000,1.000000,1.000000,1.000000,1.000000,1.000000,1.000000,1.000000,1.000000,1.000000,1.000000,1.000000,1.000000,1.000000,1.000000,1.000000,1.000000,1.000000,1.000000,1.000000,1.000000,1.000000,1.000000,1.000000,1.000000,1.000000,1.000000,1.000000,1.000000,1.000000,1.000000,1.000000,1.000000,1.000000,1.000000,1.000000,1.000000,1.000000,1.000000,1.000000,1.000000,1.000000,1.000000,1.000000,1.000000,1.000000,1.000000,1.000000,1.000000,1.000000,1.000000,1.000000,1.000000,1.000000,1.000000,1.000000,1.000000,1.000000,1.000000,1.000000,1.000000,1.000000,1.000000,1.000000
1.000000,1.000000,1.000000,1.000000,1.000000,1.000000,1.000000,1.000000,1.000000,1.000000,1.000000,1.000000,1.000000,1.000000,1.000000,1.000000,1.000000,1.000000,1.000000,1.000000,1.000000,1.000000,1.000000,1.000000,1.000000,1.000000,1.000000,1.000000,1.000000,1.000000,1.000000,1.000000,1.000000,1.000000,1.000000,1.000000,1.000000,1.000000,1.000000,1.000000,1.000000,1.000000,1.000000,1.000000,1.000000,1.000000,1.000000,1.000000,1.000000,1.000000,1.000000,1.000000,1.000000,1.000000,1.000000,1.000000,1.000000,1.000000,1.000000,1.000000,1.000000,1.000000,1.000000,1.000000
1.000000,1.000000,1.000000,1.000000,1.000000,1.000000,1.000000,1.000000,1.000000,1.000000,1.000000,1.000000,1.000000,1.000000,1.000000,1.000000,1.000000,1.000000,1.000000,1.000000,1.000000,1.000000,1.000000,1.000000,1.000000,1.000000,1.000000,1.000000,1.000000,1.000000,1.000000,1.000000,1.000000,1.000000,1.000000,1.000000,1.000000,1.000000,1.000000,1.000000,1.000000,1.000000,1.000000,1.000000,1.000000,1.000000,1.000000,1.000000,1.000000,1.000000,1.000000,1.000000,1.000000,1.000000,1.000000,1.000000,1.000000,1.000000,1.000000,1.000000,1.000000,1.000000,1.000000,1.000000
1.000000,1.000000,1.000000,1.000000,1.000000,1.000000,1.000000,1.000000,1.000000,1.000000,1.000000,1.000000,1.000000,1.000000,1.000000,1.000000,1.000000,1.000000,1.000000,1.000000,1.000000,1.000000,1.000000,1.000000,1.000000,1.000000,1.000000,1.000000,0.415686,0.427451,1.000000,1.000000,1.000000,1.000000,1.000000,1.000000,1.000000,1.000000,1.000000,1.000000,1.000000,1.000000,1.000000,1.000000,1.000000,1.000000,1.000000,1.000000,1.000000,1.000000,1.000000,1.000000,1.000000,1.000000,1.000000,1.000000,1.000000,1.000000,1.000000,1.000000,1.000000,1.000000,1.000000,1.000000
1.000000,1.000000,1.000000,1.000000,1.000000,1.000000,1.000000,1.000000,1.000000,1.000000,1.000000,1.000000,1.000000,1.000000,1.000000,1.000000,1.000000,1.000000,1.000000,1.000000,1.000000,1.000000,1.000000,1.000000,1.000000,1.000000,1.000000,0.772549,0.333333,0.317647,0.788235,1.000000,1.000000,1.000000,1.000000,1.000000,1.000000,1.000000,1.000000,1.000000,1.000000,1.000000,1.000000,1.000000,1.000000,1.000000,1.000000,1.000000,1.000000,1.000000,1.000000,1.000000,1.000000,1.000000,1.000000,1.000000,1.000000,1.000000,1.000000,1.000000,1.000000,1.000000,1.000000,1.000000
1.000000,1.000000,1.000000,1.000000,1.000000,1.000000,1.000000,1.000000,1.000000,1.000000,1.000000,1.000000,1.000000,1.000000,1.000000,1.000000,1.000000,1.000000,1.000000,1.000000,1.000000,1.000000,1.000000,1.000000,1.000000,1.000000,0.992157,0.250980,0.862745,0.850980,0.258824,0.996078,1.000000,1.000000,1.000000,1.000000,1.000000,1.000000,1.000000,1.000000,1.000000,1.000000,1.000000,1.000000,1.000000,1.000000,1.000000,1.000000,1.000000,1.000000,1.000000,1.000000,1.000000,1.000000,1.000000,1.000000,1.000000,1.000000,1.000000,1.000000,1.000000,1.000000,1.000000,1.000000
1.000000,1.000000,1.000000,1.000000,1.000000,1.000000,1.000000,1.000000,1.000000,1.000000,1.000000,1.000000,1.000000,1.000000,1.000000,1.000000,1.000000,1.000000,1.000000,1.000000,1.000000,1.000000,1.000000,1.000000,1.000000,1.000000,0.635294,0.470588,1.000000,1.000000,0.454902,0.650980,1.000000,1.000000,1.000000,1.000000,1.000000,1.000000,1.000000,1.000000,1.000000,1.000000,1.000000,1.000000,1.000000,1.000000,1.000000,1.000000,1.000000,1.000000,1.000000,1.000000,1.000000,1.000000,1.000000,1.000000,1.000000,1.000000,1.000000,1.000000,1.000000,1.000000,1.000000,1.000000
1.000000,1.000000,1.000000,1.000000,1.000000,1.000000,1.000000,1.000000,1.000000,1.000000,1.000000,1.000000,1.000000,1.000000,1.000000,1.000000,1.000000,1.000000,1.000000,1.000000,1.000000,1.000000,1.000000,1.000000,1.000000,0.956863,0.207843,0.937255,1.000000,1.000000,0.929412,0.207843,0.964706,1.000000,1.000000,1.000000,1.000000,1.000000,1.000000,1.000000,1.000000,1.000000,1.000000,1.000000,1.000000,1.000000,1.000000,1.000000,1.000000,1.000000,1.000000,1.000000,1.000000,1.000000,1.000000,1.000000,1.000000,1.000000,1.000000,1.000000,1.000000,1.000000,1.000000,1.000000
1.000000,1.000000,1.000000,1.000000,1.000000,1.000000,1.000000,1.000000,1.000000,1.000000,1.000000,1.000000,1.000000,1.000000,1.000000,1.000000,1.000000,1.000000,1.000000,1.000000,1.000000,1.000000,1.000000,1.000000,1.000000,0.474510,0.631373,1.000000,1.000000,1.000000,1.000000,0.615686,0.490196,1.000000,1.000000,1.000000,1.000000,1.000000,1.000000,1.000000,1.000000,1.000000,1.000000,1.000000,1.000000,1.000000,1.000000,1.000000,1.000000,1.000000,1.000000,1.000000,1.000000,1.000000,1.000000,1.000000,1.000000,1.000000,1.000000,1.000000,1.000000,1.000000,1.000000,1.000000
1.000000,1.000000,1.000000,1.000000,1.000000,1.000000,1.000000,1.000000,1.000000,1.000000,1.000000,1.000000,1.000000,1.000000,1.000000,1.000000,1.000000,1.000000,1.000000,1.000000,1.000000,1.000000,1.000000,1.000000,0.870588,0.235294,1.000000,1.000000,1.000000,1.000000,1.000000,0.996078,0.223529,0.882353,1.000000,1.000000,1.000000,1.000000,1.000000,1.000000,1.000000,1.000000,1.000000,1.000000,1.000000,1.000000,1.000000,1.000000,1.000000,1.000000,1.000000,1.000000,1.000000,1.000000,1.000000,1.000000,1.000000,1.000000,1.000000,1.000000,1.000000,1.000000,1.000000,1.000000
1.000000,1.000000,1.000000,1.000000,1.000000,1.000000,1.000000,1.000000,1.000000,1.000000,1.000000,1.000000,1.000000,1.000000,1.000000,1.000000,1.000000,1.000000,1.000000,1.000000,1.000000,1.000000,1.000000,1.000000,0.321569,0.784314,1.000000,1.000000,1.000000,1.000000,1.000000,1.000000,0.768627,0.333333,1.000000,1.000000,1.000000,1.000000,1.000000,1.000000,1.000000,1.000000,1.000000,1.000000,1.000000,1.000000,1.000000,1.000000,1.000000,1.000000,1.000000,1.000000,1.000000,1.000000,1.000000,1.000000,1.000000,1.000000,1.000000,1.000000,1.000000,1.000000,1.000000,1.000000
1.000000,1.000000,1.000000,1.000000,1.000000,1.000000,1.000000,1.000000,1.000000,1.000000,1.000000,1.000000,1.000000,1.000000,1.000000,1.000000,1.000000,1.000000,1.000000,1.000000,1.000000,1.000000,1.000000,0.741176,0.364706,1.000000,1.000000,1.000000,1.000000,1.000000,1.000000,1.000000,1.000000,0.349020,0.752941,1.000000,1.000000,1.000000,1.000000,1.000000,1.000000,1.000000,1.000000,1.000000,1.000000,1.000000,1.000000,1.000000,1.000000,1.000000,1.000000,1.000000,1.000000,1.000000,1.000000,1.000000,1.000000,1.000000,1.000000,1.000000,1.000000,1.000000,1.000000,1.000000
1.000000,1.000000,1.000000,1.000000,1.000000,1.000000,1.000000,1.000000,1.000000,1.000000,1.000000,1.000000,1.000000,1.000000,1.000000,1.000000,1.000000,1.000000,1.000000,1.000000,1.000000,1.000000,0.988235,0.227451,0.890196,1.000000,1.000000,1.000000,1.000000,1.000000,1.000000,1.000000,1.000000,0.878431,0.235294,0.988235,1.000000,1.000000,1.000000,1.000000,1.000000,1.000000,1.000000,1.000000,1.000000,1.000000,1.000000,1.000000,1.000000,1.000000,1.000000,1.000000,1.000000,1.000000,1.000000,1.000000,1.000000,1.000000,1.000000,1.000000,1.000000,1.000000,1.000000,1.000000
1.000000,1.000000,1.000000,1.000000,1.000000,1.000000,1.000000,1.000000,1.000000,1.000000,1.000000,1.000000,1.000000,1.000000,1.000000,1.000000,1.000000,1.000000,1.000000,1.000000,1.000000,1.000000,0.588235,0.513725,1.000000,1.000000,1.000000,1.000000,1.000000,1.000000,1.000000,1.000000,1.000000,1.000000,0.498039,0.603922,1.000000,1.000000,1.000000,1.000000,1.000000,1.000000,1.000000,1.000000,1.000000,1.000000,1.000000,1.000000,1.000000,1.000000,1.000000,1.000000,1.000000,1.000000,1.000000,1.000000,1.000000,1.000000,1.000000,1.000000,1.000000,1.000000,1.000000,1.000000
1.000000,1.000000,1.000000,1.000000,1.000000,1.000000,1.000000,1.000000,1.000000,1.000000,1.000000,1.000000,1.000000,1.000000,1.000000,1.000000,1.000000,1.000000,1.000000,1.000000,1.000000,0.933333,0.203922,0.968627,1.000000,1.000000,1.000000,1.000000,1.000000,1.000000,1.000000,1.000000,1.000000,1.000000,0.960784,0.203922,0.937255,1.000000,1.000000,1.000000,1.000000,1.000000,1.000000,1.000000,1.000000,1.000000,1.000000,1.000000,1.000000,1.000000,1.000000,1.000000,1.000000,1.000000,1.000000,1.000000,1.000000,1.000000,1.000000,1.000000,1.000000,1.000000,1.000000,1.000000
1.000000,1.000000,1.000000,1.000000,1.000000,1.000000,1.000000,1.000000,1.000000,1.000000,1.000000,1.000000,1.000000,1.000000,1.000000,1.000000,1.000000,1.000000,1.000000,1.000000,1.000000,0.435294,0.666667,1.000000,1.000000,1.000000,1.000000,1.000000,1.000000,1.000000,1.000000,1.000000,1.000000,1.000000,1.000000,0.650980,0.450980,1.000000,1.000000,1.000000,1.000000,1.000000,1.000000,1.000000,1.000000,1.000000,1.000000,1.000000,1.000000,1.000000,1.000000,1.000000,1.000000,1.000000,1.000000,1.000000,1.000000,1.000000,1.000000,1.000000,1.000000,1.000000,1.000000,1.000000
1.000000,1.000000,1.000000,1.000000,1.000000,1.000000,1.000000,1.000000,1.000000,1.000000,1.000000,1.000000,1.000000,1.000000,1.000000,1.000000,1.000000,1.000000,1.000000,1.000000,0.827451,0.278431,0.996078,1.000000,1.000000,1.000000,1.000000,1.000000,1.000000,1.000000,1.000000,1.000000,1.000000,1.000000,1.000000,0.992157,0.270588,0.839216,1.000000,1.000000,1.000000,1.000000,1.000000,1.000000,1.000000,1.000000,1.000000,1.000000,1.000000,1.000000,1.000000,1.000000,1.000000,1.000000,1.000000,1.000000,1.000000,1.000000,1.000000,1.000000,1.000000,1.000000,1.000000,1.000000
1.000000,1.000000,1.000000,1.000000,1.000000,1.000000,1.000000,1.000000,1.000000,1.000000,1.000000,1.000000,1.000000,1.000000,1.000000,1.000000,1.000000,1.000000,1.000000,1.000000,0.286275,0.815686,1.000000,1.000000,1.000000,1.000000,1.000000,1.000000,1.000000,1.000000,1.000000,1.000000,1.000000,1.000000,1.000000,1.000000,0.803922,0.301961,1.000000,1.000000,1.000000,1.000000,1.000000,1.000000,1.000000,1.000000,1.000000,1.000000,1.000000,1.000000,1.000000,1.000000,1.000000,1.000000,1.000000,1.000000,1.000000,1.000000,1.000000,1.000000,1.000000,1.000000,1.000000,1.000000
1.000000,1.000000,1.000000,1.000000,1.000000,1.000000,1.000000,1.000000,1.000000,1.000000,1.000000,1.000000,1.000000,1.000000,1.000000,1.000000,1.000000,1.000000,1.000000,0.705882,0.400000,1.000000,1.000000,1.000000,1.000000,1.000000,1.000000,1.000000,1.000000,1.000000,1.000000,1.000000,1.000000,1.000000,1.000000,1.000000,1.000000,0.380392,0.721569,1.000000,1.000000,1.000000,1.000000,1.000000,1.000000,1.000000,1.000000,1.000000,1.000000,1.000000,1.000000,1.000000,1.000000,1.000000,1.000000,1.000000,1.000000,1.000000,1.000000,1.000000,1.000000,1.000000,1.000000,1.000000
1.000000,1.000000,1.000000,1.000000,1.000000,1.000000,1.000000,1.000000,1.000000,1.000000,1.000000,1.000000,1.000000,1.000000,1.000000,1.000000,1.000000,1.000000,0.964706,0.219608,0.917647,1.000000,1.000000,1.000000,1.000000,1.000000,1.000000,1.000000,1.000000,1.000000,1.000000,1.000000,1.000000,1.000000,1.000000,1.000000,1.000000,0.909804,0.223529,0.972549,1.000000,1.000000,1.000000,1.000000,1.000000,1.000000,1.000000,1.000000,1.000000,1.000000,1.000000,1.000000,1.000000,1.000000,1.000000,1.000000,1.000000,1.000000,1.000000,1.000000,1.000000,1.000000,1.000000,1.000000
1.000000,1.000000,1.000000,1.000000,1.000000,1.000000,1.000000,1.000000,1.000000,1.000000,1.000000,1.000000,1.000000,1.000000,1.000000,1.000000,1.000000,1.000000,0.545098,0.556863,1.000000,1.000000,1.000000,1.000000,1.000000,1.000000,1.000000,1.000000,1.000000,1.000000,1.000000,1.000000,1.000000,1.000000,1.000000,1.000000,1.000000,1.000000,0.541176,0.560784,1.000000,1.000000,1.000000,1.000000,1.000000,1.000000,1.000000,1.000000,1.000000,1.000000,1.000000,1.000000,1.000000,1.000000,1.000000,1.000000,1.000000,1.000000,1.000000,1.000000,1.000000,1.000000,1.000000,1.000000
1.000000,1.000000,1.000000,1.000000,1.000000,1.000000,1.000000,1.000000,1.000000,1.000000,1.000000,1.000000,1.000000,1.000000,1.000000,1.000000,1.000000,0.905882,0.223529,0.972549,1.000000,1.000000,1.000000,1.000000,1.000000,1.000000,1.000000,1.000000,1.000000,1.000000,1.000000,1.000000,1.000000,1.000000,1.000000,1.000000,1.000000,1.000000,0.968627,0.219608,0.917647,1.000000,1.000000,1.000000,1.000000,1.000000,1.000000,1.000000,1.000000,1.000000,1.000000,1.000000,1.000000,1.000000,1.000000,1.000000,1.000000,1.000000,1.000000,1.000000,1.000000,1.000000,1.000000,1.000000
1.000000,1.000000,1.000000,1.000000,1.000000,1.000000,1.000000,1.000000,1.000000,1.000000,1.000000,1.000000,1.000000,1.000000,1.000000,1.000000,1.000000,0.384314,0.721569,1.000000,1.000000,1.000000,1.000000,1.000000,1.000000,1.000000,1.000000,1.000000,1.000000,1.000000,1.000000,1.000000,1.000000,1.000000,1.000000,1.000000,1.000000,1.000000,1.000000,0.705882,0.400000,1.000000,1.000000,1.000000,1.000000,1.000000,1.000000,1.000000,1.000000,1.000000,1.000000,1.000000,1.000000,1.000000,1.000000,1.000000,1.000000,1.000000,1.000000,1.000000,1.000000,1.000000,1.000000,1.000000
1.000000,1.000000,1.000000,1.000000,1.000000,1.000000,1.000000,1.000000,1.000000,1.000000,1.000000,1.000000,1.000000,1.000000,1.000000,1.000000,0.800000,0.301961,1.000000,1.000000,1.000000,1.000000,1.000000,1.000000,1.000000,1.000000,1.000000,1.000000,1.000000,1.000000,1.000000,1.000000,1.000000,1.000000,1.000000,1.000000,1.000000,1.000000,1.000000,1.000000,0.290196,0.815686,1.000000,1.000000,1.000000,1.000000,1.000000,1.000000,1.000000,1.000000,1.000000,1.000000,1.000000,1.000000,1.000000,1.000000,1.000000,1.000000,1.000000,1.000000,1.000000,1.000000,1.000000,1.000000
1.000000,1.000000,1.000000,1.000000,1.000000,1.000000,1.000000,1.000000,1.000000,1.000000,1.000000,1.000000,1.000000,1.000000,1.000000,1.000000,0.266667,0.839216,1.000000,1.000000,1.000000,1.000000,1.000000,1.000000,1.000000,1.000000,1.000000,1.000000,1.000000,1.000000,1.000000,1.000000,1.000000,1.000000,1.000000,1.000000,1.000000,1.000000,1.000000,1.000000,0.823529,0.278431,1.000000,1.000000,1.000000,1.000000,1.000000,1.000000,1.000000,1.000000,1.000000,1.000000,1.000000,1.000000,1.000000,1.000000,1.000000,1.000000,1.000000,1.000000,1.000000,1.000000,1.000000,1.000000
1.000000,1.000000,1.000000,1.000000,1.000000,1.000000,1.000000,1.000000,1.000000,1.000000,1.000000,1.000000,1.000000,1.000000,1.000000,0.647059,0.454902,1.000000,1.000000,1.000000,1.000000,1.000000,1.000000,1.000000,1.000000,1.000000,1.000000,1.000000,1.000000,1.000000,1.000000,1.000000,1.000000,1.000000,1.000000,1.000000,1.000000,1.000000,1.000000,1.000000,1.000000,0.439216,0.662745,1.000000,1.000000,1.000000,1.000000,1.000000,1.000000,1.000000,1.000000,1.000000,1.000000,1.000000,1.000000,1.000000,1.000000,1.000000,1.000000,1.000000,1.000000,1.000000,1.000000,1.000000
1.000000,1.000000,1.000000,1.000000,1.000000,1.000000,1.000000,1.000000,1.000000,1.000000,1.000000,1.000000,1.000000,1.000000,0.964706,0.200000,0.941176,1.000000,1.000000,1.000000,1.000000,1.000000,1.000000,1.000000,1.000000,1.000000,1.000000,1.000000,1.000000,1.000000,1.000000,1.000000,1.000000,1.000000,1.000000,1.000000,1.000000,1.000000,1.000000,1.000000,1.000000,0.933333,0.200000,0.972549,1.000000,1.000000,1.000000,1.000000,1.000000,1.000000,1.000000,1.000000,1.000000,1.000000,1.000000,1.000000,1.000000,1.000000,1.000000,1.000000,1.000000,1.000000,1.000000,1.000000
1.000000,1.000000,1.000000,1.000000,1.000000,1.000000,1.000000,1.000000,1.000000,1.000000,1.000000,1.000000,1.000000,1.000000,0.494118,0.607843,1.000000,1.000000,1.000000,1.000000,1.000000,1.000000,1.000000,1.000000,1.000000,1.000000,1.000000,1.000000,1.000000,1.000000,1.000000,1.000000,1.000000,1.000000,1.000000,1.000000,1.000000,1.000000,1.000000,1.000000,1.000000,1.000000,0.592157,0.509804,1.000000,1.000000,1.000000,1.000000,1.000000,1.000000,1.000000,1.000000,1.000000,1.000000,1.000000,1.000000,1.000000,1.000000,1.000000,1.000000,1.000000,1.000000,1.000000,1.000000
1.000000,1.000000,1.000000,1.000000,1.000000,1.000000,1.000000,1.000000,1.000000,1.000000,1.000000,1.000000,1.000000,0.882353,0.231373,0.992157,1.000000,1.000000,1.000000,1.000000,1.000000,1.000000,1.000000,1.000000,1.000000,1.000000,1.000000,1.000000,1.000000,1.000000,1.000000,1.000000,1.000000,1.000000,1.000000,1.000000,1.000000,1.000000,1.000000,1.000000,1.000000,1.000000,0.988235,0.223529,0.890196,1.000000,1.000000,1.000000,1.000000,1.000000,1.000000,1.000000,1.000000,1.000000,1.000000,1.000000,1.000000,1.000000,1.000000,1.000000,1.000000,1.000000,1.000000,1.000000
1.000000,1.000000,1.000000,1.000000,1.000000,1.000000,1.000000,1.000000,1.000000,1.000000,1.000000,1.000000,1.000000,0.349020,0.756863,1.000000,1.000000,1.000000,1.000000,1.000000,1.000000,1.000000,1.000000,1.000000,1.000000,1.000000,1.000000,1.000000,1.000000,1.000000,1.000000,1.000000,1.000000,1.000000,1.000000,1.000000,1.000000,1.000000,1.000000,1.000000,1.000000,1.000000,1.000000,0.741176,0.360784,1.000000,1.000000,1.000000,1.000000,1.000000,1.000000,1.000000,1.000000,1.000000,1.000000,1.000000,1.000000,1.000000,1.000000,1.000000,1.000000,1.000000,1.000000,1.000000
1.000000,1.000000,1.000000,1.000000,1.000000,1.000000,1.000000,1.000000,1.000000,1.000000,1.000000,1.000000,0.768627,0.333333,1.000000,1.000000,1.000000,1.000000,1.000000,1.000000,1.000000,1.000000,1.000000,1.000000,1.000000,1.000000,1.000000,1.000000,1.000000,1.000000,1.000000,1.000000,1.000000,1.000000,1.000000,1.000000,1.000000,1.000000,1.000000,1.000000,1.000000,1.000000,1.000000,1.000000,0.321569,0.784314,1.000000,1.000000,1.000000,1.000000,1.000000,1.000000,1.000000,1.000000,1.000000,1.000000,1.000000,1.000000,1.000000,1.000000,1.000000,1.000000,1.000000,1.000000
1.000000,1.000000,1.000000,1.000000,1.000000,1.000000,1.000000,1.000000,1.000000,1.000000,1.000000,0.992157,0.227451,0.886275,1.000000,1.000000,1.000000,1.000000,1.000000,1.000000,1.000000,1.000000,1.000000,1.000000,1.000000,1.000000,1.000000,1.000000,1.000000,1.000000,1.000000,1.000000,1.000000,1.000000,1.000000,1.000000,1.000000,1.000000,1.000000,1.000000,1.000000,1.000000,1.000000,1.000000,0.874510,0.235294,0.996078,1.000000,1.000000,1.000000,1.000000,1.000000,1.000000,1.000000,1.000000,1.000000,1.000000,1.000000,1.000000,1.000000,1.000000,1.000000,1.000000,1.000000
1.000000,1.000000,1.000000,1.000000,1.000000,1.000000,1.000000,1.000000,1.000000,1.000000,1.000000,0.611765,0.494118,1.000000,1.000000,1.000000,1.000000,1.000000,1.000000,1.000000,1.000000,1.000000,1.000000,1.000000,1.000000,1.000000,1.000000,1.000000,1.000000,1.000000,1.000000,1.000000,1.000000,1.000000,1.000000,1.000000,1.000000,1.000000,1.000000,1.000000,1.000000,1.000000,1.000000,1.000000,1.000000,0.478431,0.627451,1.000000,1.000000,1.000000,1.000000,1.000000,1.000000,1.000000,1.000000,1.000000,1.000000,1.000000,1.000000,1.000000,1.000000,1.000000,1.000000,1.000000
1.000000,1.000000,1.000000,1.000000,1.000000,1.000000,1.000000,1.000000,1.000000,1.000000,0.933333,0.215686,0.956863,1.000000,1.000000,1.000000,1.000000,1.000000,1.000000,1.000000,1.000000,1.000000,1.000000,1.000000,1.000000,1.000000,1.000000,1.000000,1.000000,1.000000,1.000000,1.000000,1.000000,1.000000,1.000000,1.000000,1.000000,1.000000,1.000000,1.000000,1.000000,1.000000,1.000000,1.000000,1.000000,0.952941,0.215686,0.937255,1.000000,1.000000,1.000000,1.000000,1.000000,1.000000,1.000000,1.000000,1.000000,1.000000,1.000000,1.000000,1.000000,1.000000,1.000000,1.000000
1.000000,1.000000,1.000000,1.000000,1.000000,1.000000,1.000000,1.000000,1.000000,1.000000,0.458824,0.647059,1.000000,1.000000,1.000000,1.000000,1.000000,1.000000,1.000000,1.000000,1.000000,1.000000,1.000000,1.000000,1.000000,1.000000,1.000000,1.000000,1.000000,1.000000,1.000000,1.000000,1.000000,1.000000,1.000000,1.000000,1.000000,1.000000,1.000000,1.000000,1.000000,1.000000,1.000000,1.000000,1.000000,1.000000,0.631373,0.474510,1.000000,1.000000,1.000000,1.000000,1.000000,1.000000,1.000000,1.000000,1.000000,1.000000,1.000000,1.000000,1.000000,1.000000,1.000000,1.000000
1.000000,1.000000,1.000000,1.000000,1.000000,1.000000,1.000000,1.000000,1.000000,0.850980,0.254902,0.996078,1.000000,1.000000,1.000000,1.000000,1.000000,1.000000,1.000000,1.000000,1.000000,1.000000,1.000000,1.000000,1.000000,1.000000,1.000000,1.000000,1.000000,1.000000,1.000000,1.000000,1.000000,1.000000,1.000000,1.000000,1.000000,1.000000,1.000000,1.000000,1.000000,1.000000,1.000000,1.000000,1.000000,1.000000,0.992157,0.247059,0.862745,1.000000,1.000000,1.000000,1.000000,1.000000,1.000000,1.000000,1.000000,1.000000,1.000000,1.000000,1.000000,1.000000,1.000000,1.000000
1.000000,1.000000,1.000000,1.000000,1.000000,1.000000,1.000000,1.000000,0.996078,0.321569,0.788235,1.000000,1.000000,1.000000,1.000000,1.000000,1.000000,1.000000,1.000000,1.000000,1.000000,1.000000,1.000000,1.000000,1.000000,1.000000,1.000000,1.000000,1.000000,1.000000,1.000000,1.000000,1.000000,1.000000,1.000000,1.000000,1.000000,1.000000,1.000000,1.000000,1.000000,1.000000,1.000000,1.000000,1.000000,1.000000,1.000000,0.776471,0.329412,1.000000,1.000000,1.000000,1.000000,1.000000,1.000000,1.000000,1.000000,1.000000,1.000000,1.000000,1.000000,1.000000,1.000000,1.000000
1.000000,1.000000,1.000000,1.000000,1.000000,1.000000,1.000000,1.000000,0.717647,0.384314,1.000000,1.000000,1.000000,1.000000,1.000000,1.000000,1.000000,1.000000,1.000000,1.000000,1.000000,1.000000,1.000000,1.000000,1.000000,1.000000,1.000000,1.000000,1.000000,1.000000,1.000000,1.000000,1.000000,1.000000,1.000000,1.000000,1.000000,1.000000,1.000000,1.000000,1.000000,1.000000,1.000000,1.000000,1.000000,1.000000,1.000000,1.000000,0.368627,0.733333,1.000000,1.000000,1.000000,1.000000,1.000000,1.000000,1.000000,1.000000,1.000000,1.000000,1.000000,1.000000,1.000000,1.000000
1.000000,1.000000,1.000000,1.000000,1.000000,1.000000,1.000000,0.976471,0.227451,0.898039,1.000000,1.000000,1.000000,1.000000,1.000000,1.000000,1.000000,1.000000,1.000000,1.000000,1.000000,1.000000,1.000000,1.000000,1.000000,1.000000,1.000000,1.000000,1.000000,1.000000,1.000000,1.000000,1.000000,1.000000,1.000000,1.000000,1.000000,1.000000,1.000000,1.000000,1.000000,1.000000,1.000000,1.000000,1.000000,1.000000,1.000000,1.000000,0.886275,0.235294,0.980392,1.000000,1.000000,1.000000,1.000000,1.000000,1.000000,1.000000,1.000000,1.000000,1.000000,1.000000,1.000000,1.000000
1.000000,1.000000,1.000000,1.000000,1.000000,1.000000,1.000000,0.556863,0.545098,1.000000,1.000000,1.000000,1.000000,1.000000,1.000000,1.000000,1.000000,1.000000,1.000000,1.000000,1.000000,1.000000,1.000000,1.000000,1.000000,1.000000,1.000000,1.000000,1.000000,1.000000,1.000000,1.000000,1.000000,1.000000,1.000000,1.000000,1.000000,1.000000,1.000000,1.000000,1.000000,1.000000,1.000000,1.000000,1.000000,1.000000,1.000000,1.000000,1.000000,0.529412,0.572549,1.000000,1.000000,1.000000,1.000000,1.000000,1.000000,1.000000,1.000000,1.000000,1.000000,1.000000,1.000000,1.000000
1.000000,1.000000,1.000000,1.000000,1.000000,1.000000,0.925490,0.207843,0.968627,1.000000,1.000000,1.000000,1.000000,1.000000,1.000000,1.000000,1.000000,1.000000,1.000000,1.000000,1.000000,1.000000,1.000000,1.000000,1.000000,1.000000,1.000000,1.000000,1.000000,1.000000,1.000000,1.000000,1.000000,1.000000,1.000000,1.000000,1.000000,1.000000,1.000000,1.000000,1.000000,1.000000,1.000000,1.000000,1.000000,1.000000,1.000000,1.000000,1.000000,0.964706,0.203922,0.933333,1.000000,1.000000,1.000000,1.000000,1.000000,1.000000,1.000000,1.000000,1.000000,1.000000,1.000000,1.000000
1.000000,1.000000,1.000000,1.000000,1.000000,1.000000,0.415686,0.686275,1.000000,1.000000,1.000000,1.000000,1.000000,1.000000,1.000000,1.000000,1.000000,1.000000,1.000000,1.000000,1.000000,1.000000,1.000000,1.000000,1.000000,1.000000,1.000000,1.000000,1.000000,1.000000,1.000000,1.000000,1.000000,1.000000,1.000000,1.000000,1.000000,1.000000,1.000000,1.000000,1.000000,1.000000,1.000000,1.000000,1.000000,1.000000,1.000000,1.000000,1.000000,1.000000,0.670588,0.431373,1.000000,1.000000,1.000000,1.000000,1.000000,1.000000,1.000000,1.000000,1.000000,1.000000,1.000000,1.000000
1.000000,1.000000,1.000000,1.000000,1.000000,0.815686,0.290196,1.000000,1.000000,1.000000,1.000000,1.000000,1.000000,1.000000,1.000000,1.000000,1.000000,1.000000,1.000000,1.000000,1.000000,1.000000,1.000000,1.000000,1.000000,1.000000,1.000000,1.000000,1.000000,1.000000,1.000000,1.000000,1.000000,1.000000,1.000000,1.000000,1.000000,1.000000,1.000000,1.000000,1.000000,1.000000,1.000000,1.000000,1.000000,1.000000,1.000000,1.000000,1.000000,1.000000,0.996078,0.278431,0.827451,1.000000,1.000000,1.000000,1.000000,1.000000,1.000000,1.000000,1.000000,1.000000,1.000000,1.000000
1.000000,1.000000,1.000000,1.000000,1.000000,0.505882,0.078431,0.105882,0.105882,0.105882,0.105882,0.105882,0.105882,0.105882,0.105882,0.105882,0.105882,0.105882,0.105882,0.105882,0.105882,0.105882,0.105882,0.105882,0.105882,0.105882,0.105882,0.105882,0.105882,0.105882,0.105882,0.105882,0.105882,0.105882,0.105882,0.105882,0.105882,0.105882,0.105882,0.105882,0.105882,0.105882,0.105882,0.105882,0.105882,0.105882,0.105882,0.105882,0.105882,0.105882,0.105882,0.078431,0.521569,1.000000,1.000000,1.000000,1.000000,1.000000,1.000000,1.000000,1.000000,1.000000,1.000000,1.000000
1.000000,1.000000,1.000000,1.000000,1.000000,1.000000,1.000000,1.000000,1.000000,1.000000,1.000000,1.000000,1.000000,1.000000,1.000000,1.000000,1.000000,1.000000,1.000000,1.000000,1.000000,1.000000,1.000000,1.000000,1.000000,1.000000,1.000000,1.000000,1.000000,1.000000,1.000000,1.000000,1.000000,1.000000,1.000000,1.000000,1.000000,1.000000,1.000000,1.000000,1.000000,1.000000,1.000000,1.000000,1.000000,1.000000,1.000000,1.000000,1.000000,1.000000,1.000000,1.000000,1.000000,1.000000,1.000000,1.000000,1.000000,1.000000,1.000000,1.000000,1.000000,1.000000,1.000000,1.000000
1.000000,1.000000,1.000000,1.000000,1.000000,1.000000,1.000000,1.000000,1.000000,1.000000,1.000000,1.000000,1.000000,1.000000,1.000000,1.000000,1.000000,1.000000,1.000000,1.000000,1.000000,1.000000,1.000000,1.000000,1.000000,1.000000,1.000000,1.000000,1.000000,1.000000,1.000000,1.000000,1.000000,1.000000,1.000000,1.000000,1.000000,1.000000,1.000000,1.000000,1.000000,1.000000,1.000000,1.000000,1.000000,1.000000,1.000000,1.000000,1.000000,1.000000,1.000000,1.000000,1.000000,1.000000,1.000000,1.000000,1.000000,1.000000,1.000000,1.000000,1.000000,1.000000,1.000000,1.000000
1.000000,1.000000,1.000000,1.000000,1.000000,1.000000,1.000000,1.000000,1.000000,1.000000,1.000000,1.000000,1.000000,1.000000,1.000000,1.000000,1.000000,1.000000,1.000000,1.000000,1.000000,1.000000,1.000000,1.000000,1.000000,1.000000,1.000000,1.000000,1.000000,1.000000,1.000000,1.000000,1.000000,1.000000,1.000000,1.000000,1.000000,1.000000,1.000000,1.000000,1.000000,1.000000,1.000000,1.000000,1.000000,1.000000,1.000000,1.000000,1.000000,1.000000,1.000000,1.000000,1.000000,1.000000,1.000000,1.000000,1.000000,1.000000,1.000000,1.000000,1.000000,1.000000,1.000000,1.000000
1.000000,1.000000,1.000000,1.000000,1.000000,1.000000,1.000000,1.000000,1.000000,1.000000,1.000000,1.000000,1.000000,1.000000,1.000000,1.000000,1.000000,1.000000,1.000000,1.000000,1.000000,1.000000,1.000000,1.000000,1.000000,1.000000,1.000000,1.000000,1.000000,1.000000,1.000000,1.000000,1.000000,1.000000,1.000000,1.000000,1.000000,1.000000,1.000000,1.000000,1.000000,1.000000,1.000000,1.000000,1.000000,1.000000,1.000000,1.000000,1.000000,1.000000,1.000000,1.000000,1.000000,1.000000,1.000000,1.000000,1.000000,1.000000,1.000000,1.000000,1.000000,1.000000,1.000000,1.000000
1.000000,1.000000,1.000000,1.000000,1.000000,1.000000,1.000000,1.000000,1.000000,1.000000,1.000000,1.000000,1.000000,1.000000,1.000000,1.000000,1.000000,1.000000,1.000000,1.000000,1.000000,1.000000,1.000000,1.000000,1.000000,1.000000,1.000000,1.000000,1.000000,1.000000,1.000000,1.000000,1.000000,1.000000,1.000000,1.000000,1.000000,1.000000,1.000000,1.000000,1.000000,1.000000,1.000000,1.000000,1.000000,1.000000,1.000000,1.000000,1.000000,1.000000,1.000000,1.000000,1.000000,1.000000,1.000000,1.000000,1.000000,1.000000,1.000000,1.000000,1.000000,1.000000,1.000000,1.000000
1.000000,1.000000,1.000000,1.000000,1.000000,1.000000,1.000000,1.000000,1.000000,1.000000,1.000000,1.000000,1.000000,1.000000,1.000000,1.000000,1.000000,1.000000,1.000000,1.000000,1.000000,1.000000,1.000000,1.000000,1.000000,1.000000,1.000000,1.000000,1.000000,1.000000,1.000000,1.000000,1.000000,1.000000,1.000000,1.000000,1.000000,1.000000,1.000000,1.000000,1.000000,1.000000,1.000000,1.000000,1.000000,1.000000,1.000000,1.000000,1.000000,1.000000,1.000000,1.000000,1.000000,1.000000,1.000000,1.000000,1.000000,1.000000,1.000000,1.000000,1.000000,1.000000,1.000000,1.000000
1.000000,1.000000,1.000000,1.000000,1.000000,1.000000,1.000000,1.000000,1.000000,1.000000,1.000000,1.000000,1.000000,1.000000,1.000000,1.000000,1.000000,1.000000,1.000000,1.000000,1.000000,1.000000,1.000000,1.000000,1.000000,1.000000,1.000000,1.000000,1.000000,1.000000,1.000000,1.000000,1.000000,1.000000,1.000000,1.000000,1.000000,1.000000,1.000000,1.000000,1.000000,1.000000,1.000000,1.000000,1.000000,1.000000,1.000000,1.000000,1.000000,1.000000,1.000000,1.000000,1.000000,1.000000,1.000000,1.000000,1.000000,1.000000,1.000000,1.000000,1.000000,1.000000,1.000000,1.000000
