1.000000,1.000000,1.000000,1.000000,1.000000,1.000000,1.000000,1.000000,1.000000,1.000000,1.000000,1.000000,1.000000,1.000000,1.000000,1.000000,1.000000,1.000000,1.000000,1.000000,1.000000,1.000000,1.000000,1.000000,1.000000,1.000000,1.000000,1.000000,1.000000,1.000000,1.000000,1.000000,1.000000,1.000000,1.000000,1.000000,1.000000,1.000000,1.000000,1.000000,1.000000,1.000000,1.000000,1.000000,1.000000,1.000000,1.000000,1.000000,1.000000,1.000000,1.000000,1.000000,1.000000,1.000000,1.000000,1.000000,1.000000,1.000000,1.000000,1.000000,1.000000,1.000000,1.000000,1.000000
1.000000,1.000000,1.000000,1.000000,1.000000,1.000000,1.000000,1.000000,1.000000,1.000000,1.000000,1.000000,1.000000,1.000000,1.000000,1.000000,1.000000,1.000000,1.000000,1.000000,1.000000,1.000000,1.000000,1.000000,1.000000,1.000000,1.000000,1.000000,1.000000,1.000000,1.000000,1.000000,1.000000,1.000000,1.000000,1.000000,1.000000,1.000000,1.000000,1.000000,1.000000,1.000000,1.000000,1.000000,1.000000,1.000000,1.000000,1.000000,1.000000,1.000000,1.000000,1.000000,1.000000,1.000000,1.000000,1.000000,1.000000,1.000000,1.000000,1.000000,1.000000,1.000000,1.000000,1.000000
1.000000,1.000000,1.000000,1.000000,1.000000,1.000000,1.000000,1.000000,1.000000,1.000000,1.000000,1.000000,1.000000,1.000000,1.000000,1.000000,1.000000,1.000000,1.000000,1.000000,1.000000,1.000000,1.000000,1.000000,1.000000,1.000000,1.000000,1.000000,1.000000,1.000000,1.000000,1.000000,1.000000,1.000000,1.000000,1.000000,1.000000,1.000000,1.000000,1.000000,1.000000,1.000000,1.000000,1.000000,1.000000,1.000000,1.000000,1.000000,1.000000,1.000000,1.000000,1.000000,1.000000,1.000000,1.000000,1.000000,1.000000,1.000000,1.000000,1.000000,1.000000,1.000000,1.000000,1.000000
1.000000,1.000000,1.000000,1.000000,1.000000,1.000000,1.000000,1.000000,1.000000,1.000000,1.000000,1.000000,1.000000,1.000000,1.000000,1.000000,1.000000,1.000000,1.000000,1.000000,1.000000,1.000000,1.000000,1.000000,1.000000,1.000000,1.000000,1.000000,1.000000,1.000000,1.000000,1.000000,1.000000,1.000000,1.000000,1.000000,1.000000,1.000000,1.000000,1.000000,1.000000,1.000000,1.000000,1.000000,1.000000,1.000000,1.000000,1.000000,1.000000,1.000000,1.000000,1.000000,1.000000,1.000000,1.000000,1.000000,1.000000,1.000000,1.000000,1.000000,1.000000,1.000000,1.000000,1.000000
1.000000,1.000000,1.000000,1.000000,1.000000,1.000000,1.000000,1.000000,1.000000,1.000000,1.000000,1.000000,1.000000,1.000000,1.000000,1.000000,1.000000,1.000000,1.000000,1.000000,1.000000,1.000000,1.000000,1.000000,1.000000,1.000000,1.000000,1.000000,1.000000,1.000000,1.000000,1.000000,1.000000,1.000000,1.000000,1.000000,1.000000,1.000000,1.000000,1.000000,1.000000,1.000000,1.000000,1.000000,1.000000,1.000000,1.000000,1.000000,1.000000,1.000000,1.000000,1.000000,1.000000,1.000000,1.000000,1.000000,1.000000,1.000000,1.000000,1.000000,1.000000,1.000000,1.000000,1.000000
1.000000,1.000000,1.000000,1.000000,1.000000,1.000000,1.000000,1.000000,1.000000,1.000000,1.000000,1.000000,1.000000,1.000000,1.000000,1.000000,1.000000,1.000000,1.000000,1.000000,1.000000,1.000000,1.000000,1.000000,1.000000,1.000000,1.000000,1.000000,1.000000,1.000000,1.000000,1.000000,1.000000,1.000000,1.000000,1.000000,1.000000,1.000000,1.000000,1.000000,1.000000,1.000000,1.000000,1.000000,1.000000,1.000000,1.000000,1.000000,1.000000,1.000000,1.000000,1.000000,1.000000,1.000000,1.000000,1.000000,1.000000,1.000000,1.000000,1.000000,1.000000,1.000000,1.000000,1.000000
1.000000,1.000000,1.000000,1.000000,1.000000,1.000000,1.000000,1.000000,1.000000,1.000000,1.000000,1.000000,1.000000,1.000000,1.000000,1.000000,1.000000,1.000000,1.000000,1.000000,1.000000,1.000000,1.000000,1.000000,1.000000,1.000000,0.933333,0.800000,0.725490,0.654902,0.654902,0.654902,0.768627,0.843137,0.960784,1.000000,1.000000,1.000000,1.000000,1.000000,1.000000,1.000000,1.000000,1.000000,1.000000,1.000000,1.000000,1.000000,1.000000,1.000000,1.000000,1.000000,1.000000,1.000000,1.000000,1.000000,1.000000,1.000000,1.000000,1.000000,1.000000,1.000000,1.000000,1.000000
1.000000,1.000000,1.000000,1.000000,1.000000,1.000000,1.000000,1.000000,1.000000,1.000000,1.000000,1.000000,1.000000,1.000000,1.000000,1.000000,1.000000,1.000000,1.000000,1.000000,1.000000,0.992157,0.815686,0.552941,0.470588,0.486275,0.552941,0.686275,0.760784,0.831373,0.831373,0.831373,0.721569,0.643137,0.525490,0.486275,0.470588,0.631373,0.898039,1.000000,1.000000,1.000000,1.000000,1.000000,1.000000,1.000000,1.000000,1.000000,1.000000,1.000000,1.000000,1.000000,1.000000,1.000000,1.000000,1.000000,1.000000,1.000000,1.000000,1.000000,1.000000,1.000000,1.000000,1.000000
1.000000,1.000000,1.000000,1.000000,1.000000,1.000000,1.000000,1.000000,1.000000,1.000000,1.000000,1.000000,1.000000,1.000000,1.000000,1.000000,1.000000,1.000000,1.000000,0.894118,0.541176,0.447059,0.654902,0.917647,1.000000,1.000000,1.000000,1.000000,1.000000,1.000000,1.000000,1.000000,1.000000,1.000000,1.000000,1.000000,1.000000,0.843137,0.556863,0.454902,0.635294,0.968627,1.000000,1.000000,1.000000,1.000000,1.000000,1.000000,1.000000,1.000000,1.000000,1.000000,1.000000,1.000000,1.000000,1.000000,1.000000,1.000000,1.000000,1.000000,1.000000,1.000000,1.000000,1.000000
1.000000,1.000000,1.000000,1.000000,1.000000,1.000000,1.000000,1.000000,1.000000,1.000000,1.000000,1.000000,1.000000,1.000000,1.000000,1.000000,1.000000,0.858824,0.482353,0.552941,0.929412,1.000000,1.000000,1.000000,1.000000,1.000000,1.000000,1.000000,1.000000,1.000000,1.000000,1.000000,1.000000,1.000000,1.000000,1.000000,1.000000,1.000000,1.000000,1.000000,0.819608,0.470588,0.576471,0.956863,1.000000,1.000000,1.000000,1.000000,1.000000,1.000000,1.000000,1.000000,1.000000,1.000000,1.000000,1.000000,1.000000,1.000000,1.000000,1.000000,1.000000,1.000000,1.000000,1.000000
1.000000,1.000000,1.000000,1.000000,1.000000,1.000000,1.000000,1.000000,1.000000,1.000000,1.000000,1.000000,1.000000,1.000000,1.000000,0.937255,0.498039,0.576471,0.980392,1.000000,1.000000,1.000000,1.000000,1.000000,1.000000,1.000000,1.000000,1.000000,1.000000,1.000000,1.000000,1.000000,1.000000,1.000000,1.000000,1.000000,1.000000,1.000000,1.000000,1.000000,1.000000,1.000000,0.898039,0.482353,0.623529,0.992157,1.000000,1.000000,1.000000,1.000000,1.000000,1.000000,1.000000,1.000000,1.000000,1.000000,1.000000,1.000000,1.000000,1.000000,1.000000,1.000000,1.000000,1.000000
1.000000,1.000000,1.000000,1.000000,1.000000,1.000000,1.000000,1.000000,1.000000,1.000000,1.000000,1.000000,1.000000,1.000000,0.717647,0.466667,0.929412,1.000000,1.000000,1.000000,1.000000,1.000000,1.000000,1.000000,1.000000,1.000000,1.000000,1.000000,1.000000,1.000000,1.000000,1.000000,1.000000,1.000000,1.000000,1.000000,1.000000,1.000000,1.000000,1.000000,1.000000,1.000000,1.000000,1.000000,0.792157,0.439216,0.886275,1.000000,1.000000,1.000000,1.000000,1.000000,1.000000,1.000000,1.000000,1.000000,1.000000,1.000000,1.000000,1.000000,1.000000,1.000000,1.000000,1.000000
1.000000,1.000000,1.000000,1.000000,1.000000,1.000000,1.000000,1.000000,1.000000,1.000000,1.000000,1.000000,0.976471,0.529412,0.678431,1.000000,1.000000,1.000000,1.000000,1.000000,1.000000,1.000000,1.000000,1.000000,1.000000,1.000000,1.000000,1.000000,1.000000,1.000000,1.000000,1.000000,1.000000,1.000000,1.000000,1.000000,1.000000,1.000000,1.000000,1.000000,1.000000,1.000000,1.000000,1.000000,1.000000,0.968627,0.501961,0.709804,1.000000,1.000000,1.000000,1.000000,1.000000,1.000000,1.000000,1.000000,1.000000,1.000000,1.000000,1.000000,1.000000,1.000000,1.000000,1.000000
1.000000,1.000000,1.000000,1.000000,1.000000,1.000000,1.000000,1.000000,1.000000,1.000000,1.000000,0.941176,0.458824,0.847059,1.000000,1.000000,1.000000,1.000000,1.000000,1.000000,1.000000,1.000000,1.000000,1.000000,1.000000,1.000000,1.000000,1.000000,1.000000,1.000000,1.000000,1.000000,1.000000,1.000000,1.000000,1.000000,1.000000,1.000000,1.000000,1.000000,1.000000,1.000000,1.000000,1.000000,1.000000,1.000000,1.000000,0.662745,0.588235,1.000000,1.000000,1.000000,1.000000,1.000000,1.000000,1.000000,1.000000,1.000000,1.000000,1.000000,1.000000,1.000000,1.000000,1.000000
1.000000,1.000000,1.000000,1.000000,1.000000,1.000000,1.000000,1.000000,1.000000,1.000000,0.945098,0.462745,0.925490,1.000000,1.000000,1.000000,1.000000,1.000000,1.000000,1.000000,1.000000,1.000000,1.000000,1.000000,1.000000,1.000000,1.000000,1.000000,1.000000,1.000000,1.000000,1.000000,1.000000,1.000000,1.000000,1.000000,1.000000,1.000000,1.000000,1.000000,1.000000,1.000000,1.000000,1.000000,1.000000,1.000000,1.000000,1.000000,0.772549,0.560784,1.000000,1.000000,1.000000,1.000000,1.000000,1.000000,1.000000,1.000000,1.000000,1.000000,1.000000,1.000000,1.000000,1.000000
1.000000,1.000000,1.000000,1.000000,1.000000,1.000000,1.000000,1.000000,1.000000,0.945098,0.462745,0.952941,1.000000,1.000000,1.000000,1.000000,1.000000,1.000000,1.000000,1.000000,1.000000,1.000000,1.000000,1.000000,1.000000,1.000000,1.000000,1.000000,1.000000,1.000000,1.000000,1.000000,1.000000,1.000000,1.000000,1.000000,1.000000,1.000000,1.000000,1.000000,1.000000,1.000000,1.000000,1.000000,1.000000,1.000000,1.000000,1.000000,1.000000,0.800000,0.560784,1.000000,1.000000,1.000000,1.000000,1.000000,1.000000,1.000000,1.000000,1.000000,1.000000,1.000000,1.000000,1.000000
1.000000,1.000000,1.000000,1.000000,1.000000,1.000000,1.000000,1.000000,0.992157,0.462745,0.905882,1.000000,1.000000,1.000000,1.000000,1.000000,1.000000,1.000000,1.000000,1.000000,1.000000,1.000000,1.000000,1.000000,1.000000,1.000000,1.000000,1.000000,1.000000,1.000000,1.000000,1.000000,1.000000,1.000000,1.000000,1.000000,1.000000,1.000000,1.000000,1.000000,1.000000,1.000000,1.000000,1.000000,1.000000,1.000000,1.000000,1.000000,1.000000,1.000000,0.717647,0.643137,1.000000,1.000000,1.000000,1.000000,1.000000,1.000000,1.000000,1.000000,1.000000,1.000000,1.000000,1.000000
1.000000,1.000000,1.000000,1.000000,1.000000,1.000000,1.000000,1.000000,0.556863,0.831373,1.000000,1.000000,1.000000,1.000000,1.000000,1.000000,1.000000,1.000000,1.000000,1.000000,1.000000,1.000000,1.000000,1.000000,1.000000,1.000000,1.000000,1.000000,1.000000,1.000000,1.000000,1.000000,1.000000,1.000000,1.000000,1.000000,1.000000,1.000000,1.000000,1.000000,1.000000,1.000000,1.000000,1.000000,1.000000,1.000000,1.000000,1.000000,1.000000,1.000000,1.000000,0.584314,0.800000,1.000000,1.000000,1.000000,1.000000,1.000000,1.000000,1.000000,1.000000,1.000000,1.000000,1.000000
1.000000,1.000000,1.000000,1.000000,1.000000,1.000000,1.000000,0.752941,0.643137,1.000000,1.000000,1.000000,1.000000,1.000000,1.000000,1.000000,1.000000,1.000000,1.000000,1.000000,1.000000,1.000000,1.000000,1.000000,1.000000,1.000000,1.000000,1.000000,1.000000,1.000000,1.000000,1.000000,1.000000,1.000000,1.000000,1.000000,1.000000,1.000000,1.000000,1.000000,1.000000,1.000000,1.000000,1.000000,1.000000,1.000000,1.000000,1.000000,1.000000,1.000000,1.000000,0.996078,0.450980,0.956863,1.000000,1.000000,1.000000,1.000000,1.000000,1.000000,1.000000,1.000000,1.000000,1.000000
1.000000,1.000000,1.000000,1.000000,1.000000,1.000000,0.952941,0.447059,0.996078,1.000000,1.000000,1.000000,1.000000,1.000000,1.000000,1.000000,1.000000,1.000000,1.000000,1.000000,1.000000,1.000000,1.000000,1.000000,1.000000,1.000000,1.000000,1.000000,1.000000,1.000000,1.000000,1.000000,1.000000,1.000000,1.000000,1.000000,1.000000,1.000000,1.000000,1.000000,1.000000,1.000000,1.000000,1.000000,1.000000,1.000000,1.000000,1.000000,1.000000,1.000000,1.000000,1.000000,0.901961,0.494118,1.000000,1.000000,1.000000,1.000000,1.000000,1.000000,1.000000,1.000000,1.000000,1.000000
1.000000,1.000000,1.000000,1.000000,1.000000,1.000000,0.552941,0.886275,1.000000,1.000000,1.000000,1.000000,1.000000,1.000000,1.000000,1.000000,1.000000,1.000000,1.000000,1.000000,1.000000,1.000000,1.000000,1.000000,1.000000,1.000000,1.000000,1.000000,1.000000,1.000000,1.000000,1.000000,1.000000,1.000000,1.000000,1.000000,1.000000,1.000000,1.000000,1.000000,1.000000,1.000000,1.000000,1.000000,1.000000,1.000000,1.000000,1.000000,1.000000,1.000000,1.000000,1.000000,1.000000,0.619608,0.815686,1.000000,1.000000,1.000000,1.000000,1.000000,1.000000,1.000000,1.000000,1.000000
1.000000,1.000000,1.000000,1.000000,1.000000,0.913725,0.525490,1.000000,1.000000,1.000000,1.000000,1.000000,1.000000,1.000000,1.000000,1.000000,1.000000,1.000000,1.000000,1.000000,1.000000,1.000000,1.000000,1.000000,1.000000,1.000000,1.000000,1.000000,1.000000,1.000000,1.000000,1.000000,1.000000,1.000000,1.000000,1.000000,1.000000,1.000000,1.000000,1.000000,1.000000,1.000000,1.000000,1.000000,1.000000,1.000000,1.000000,1.000000,1.000000,1.000000,1.000000,1.000000,1.000000,0.988235,0.454902,1.000000,1.000000,1.000000,1.000000,1.000000,1.000000,1.000000,1.000000,1.000000
1.000000,1.000000,1.000000,1.000000,1.000000,0.501961,0.952941,1.000000,1.000000,1.000000,1.000000,1.000000,1.000000,1.000000,1.000000,1.000000,1.000000,1.000000,1.000000,1.000000,1.000000,1.000000,1.000000,1.000000,1.000000,1.000000,1.000000,1.000000,1.000000,1.000000,1.000000,1.000000,1.000000,1.000000,1.000000,1.000000,1.000000,1.000000,1.000000,1.000000,1.000000,1.000000,1.000000,1.000000,1.000000,1.000000,1.000000,1.000000,1.000000,1.000000,1.000000,1.000000,1.000000,1.000000,0.674510,0.780392,1.000000,1.000000,1.000000,1.000000,1.000000,1.000000,1.000000,1.000000
1.000000,1.000000,1.000000,1.000000,0.945098,0.501961,1.000000,1.000000,1.000000,1.000000,1.000000,1.000000,1.000000,1.000000,1.000000,1.000000,1.000000,1.000000,1.000000,1.000000,1.000000,1.000000,1.000000,1.000000,1.000000,1.000000,1.000000,1.000000,1.000000,1.000000,1.000000,1.000000,1.000000,1.000000,1.000000,1.000000,1.000000,1.000000,1.000000,1.000000,1.000000,1.000000,1.000000,1.000000,1.000000,1.000000,1.000000,1.000000,1.000000,1.000000,1.000000,1.000000,1.000000,1.000000,0.984314,0.462745,1.000000,1.000000,1.000000,1.000000,1.000000,1.000000,1.000000,1.000000
1.000000,1.000000,1.000000,1.000000,0.607843,0.866667,1.000000,1.000000,1.000000,1.000000,1.000000,1.000000,1.000000,1.000000,1.000000,1.000000,1.000000,1.000000,1.000000,1.000000,1.000000,1.000000,1.000000,1.000000,1.000000,1.000000,1.000000,1.000000,1.000000,1.000000,1.000000,1.000000,1.000000,1.000000,1.000000,1.000000,1.000000,1.000000,1.000000,1.000000,1.000000,1.000000,1.000000,1.000000,1.000000,1.000000,1.000000,1.000000,1.000000,1.000000,1.000000,1.000000,1.000000,1.000000,1.000000,0.560784,0.913725,1.000000,1.000000,1.000000,1.000000,1.000000,1.000000,1.000000
1.000000,1.000000,1.000000,1.000000,0.443137,1.000000,1.000000,1.000000,1.000000,1.000000,1.000000,1.000000,1.000000,1.000000,1.000000,1.000000,1.000000,1.000000,1.000000,1.000000,1.000000,1.000000,1.000000,1.000000,1.000000,1.000000,1.000000,1.000000,1.000000,1.000000,1.000000,1.000000,1.000000,1.000000,1.000000,1.000000,1.000000,1.000000,1.000000,1.000000,1.000000,1.000000,1.000000,1.000000,1.000000,1.000000,1.000000,1.000000,1.000000,1.000000,1.000000,1.000000,1.000000,1.000000,1.000000,0.874510,0.568627,1.000000,1.000000,1.000000,1.000000,1.000000,1.000000,1.000000
1.000000,1.000000,1.000000,0.921569,0.549020,1.000000,1.000000,1.000000,1.000000,1.000000,1.000000,1.000000,1.000000,1.000000,1.000000,1.000000,1.000000,1.000000,1.000000,1.000000,1.000000,1.000000,1.000000,1.000000,1.000000,1.000000,1.000000,1.000000,1.000000,1.000000,1.000000,1.000000,1.000000,1.000000,1.000000,1.000000,1.000000,1.000000,1.000000,1.000000,1.000000,1.000000,1.000000,1.000000,1.000000,1.000000,1.000000,1.000000,1.000000,1.000000,1.000000,1.000000,1.000000,1.000000,1.000000,1.000000,0.470588,1.000000,1.000000,1.000000,1.000000,1.000000,1.000000,1.000000
1.000000,1.000000,1.000000,0.650980,0.819608,1.000000,1.000000,1.000000,1.000000,1.000000,1.000000,1.000000,1.000000,1.000000,1.000000,1.000000,1.000000,1.000000,1.000000,1.000000,1.000000,1.000000,1.000000,1.000000,1.000000,1.000000,1.000000,1.000000,1.000000,1.000000,1.000000,1.000000,1.000000,1.000000,1.000000,1.000000,1.000000,1.000000,1.000000,1.000000,1.000000,1.000000,1.000000,1.000000,1.000000,1.000000,1.000000,1.000000,1.000000,1.000000,1.000000,1.000000,1.000000,1.000000,1.000000,1.000000,0.513725,0.956863,1.000000,1.000000,1.000000,1.000000,1.000000,1.000000
1.000000,1.000000,1.000000,0.486275,0.984314,1.000000,1.000000,1.000000,1.000000,1.000000,1.000000,1.000000,1.000000,1.000000,1.000000,1.000000,1.000000,1.000000,1.000000,1.000000,1.000000,1.000000,1.000000,1.000000,1.000000,1.000000,1.000000,1.000000,1.000000,1.000000,1.000000,1.000000,1.000000,1.000000,1.000000,1.000000,1.000000,1.000000,1.000000,1.000000,1.000000,1.000000,1.000000,1.000000,1.000000,1.000000,1.000000,1.000000,1.000000,1.000000,1.000000,1.000000,1.000000,1.000000,1.000000,1.000000,0.725490,0.745098,1.000000,1.000000,1.000000,1.000000,1.000000,1.000000
1.000000,1.000000,1.000000,0.486275,1.000000,1.000000,1.000000,1.000000,1.000000,1.000000,1.000000,1.000000,1.000000,1.000000,1.000000,1.000000,1.000000,1.000000,1.000000,1.000000,1.000000,1.000000,1.000000,1.000000,1.000000,1.000000,1.000000,1.000000,1.000000,1.000000,1.000000,1.000000,1.000000,1.000000,1.000000,1.000000,1.000000,1.000000,1.000000,1.000000,1.000000,1.000000,1.000000,1.000000,1.000000,1.000000,1.000000,1.000000,1.000000,1.000000,1.000000,1.000000,1.000000,1.000000,1.000000,1.000000,0.921569,0.568627,1.000000,1.000000,1.000000,1.000000,1.000000,1.000000
1.000000,1.000000,1.000000,0.490196,1.000000,1.000000,1.000000,1.000000,1.000000,1.000000,1.000000,1.000000,1.000000,1.000000,1.000000,1.000000,1.000000,1.000000,1.000000,1.000000,1.000000,1.000000,1.000000,1.000000,1.000000,1.000000,1.000000,1.000000,1.000000,1.000000,1.000000,1.000000,1.000000,1.000000,1.000000,1.000000,1.000000,1.000000,1.000000,1.000000,1.000000,1.000000,1.000000,1.000000,1.000000,1.000000,1.000000,1.000000,1.000000,1.000000,1.000000,1.000000,1.000000,1.000000,1.000000,1.000000,0.996078,0.490196,1.000000,1.000000,1.000000,1.000000,1.000000,1.000000
1.000000,1.000000,0.945098,0.545098,1.000000,1.000000,1.000000,1.000000,1.000000,1.000000,1.000000,1.000000,1.000000,1.000000,1.000000,1.000000,1.000000,1.000000,1.000000,1.000000,1.000000,1.000000,1.000000,1.000000,1.000000,1.000000,1.000000,1.000000,1.000000,1.000000,1.000000,1.000000,1.000000,1.000000,1.000000,1.000000,1.000000,1.000000,1.000000,1.000000,1.000000,1.000000,1.000000,1.000000,1.000000,1.000000,1.000000,1.000000,1.000000,1.000000,1.000000,1.000000,1.000000,1.000000,1.000000,1.000000,1.000000,0.486275,1.000000,1.000000,1.000000,1.000000,1.000000,1.000000
1.000000,1.000000,0.866667,0.623529,1.000000,1.000000,1.000000,1.000000,1.000000,1.000000,1.000000,1.000000,1.000000,1.000000,1.000000,1.000000,1.000000,1.000000,1.000000,1.000000,1.000000,1.000000,1.000000,1.000000,1.000000,1.000000,1.000000,1.000000,1.000000,1.000000,1.000000,1.000000,1.000000,1.000000,1.000000,1.000000,1.000000,1.000000,1.000000,1.000000,1.000000,1.000000,1.000000,1.000000,1.000000,1.000000,1.000000,1.000000,1.000000,1.000000,1.000000,1.000000,1.000000,1.000000,1.000000,1.000000,1.000000,0.486275,1.000000,1.000000,1.000000,1.000000,1.000000,1.000000
1.000000,1.000000,0.815686,0.670588,1.000000,1.000000,1.000000,1.000000,1.000000,1.000000,1.000000,1.000000,1.000000,1.000000,1.000000,1.000000,1.000000,1.000000,1.000000,1.000000,1.000000,1.000000,1.000000,1.000000,1.000000,1.000000,1.000000,1.000000,1.000000,1.000000,1.000000,1.000000,1.000000,1.000000,1.000000,1.000000,1.000000,1.000000,1.000000,1.000000,1.000000,1.000000,1.000000,1.000000,1.000000,1.000000,1.000000,1.000000,1.000000,1.000000,1.000000,1.000000,1.000000,1.000000,1.000000,1.000000,1.000000,0.486275,1.000000,1.000000,1.000000,1.000000,1.000000,1.000000
1.000000,1.000000,0.815686,0.670588,1.000000,1.000000,1.000000,1.000000,1.000000,1.000000,1.000000,1.000000,1.000000,1.000000,1.000000,1.000000,1.000000,1.000000,1.000000,1.000000,1.000000,1.000000,1.000000,1.000000,1.000000,1.000000,1.000000,1.000000,1.000000,1.000000,1.000000,1.000000,1.000000,1.000000,1.000000,1.000000,1.000000,1.000000,1.000000,1.000000,1.000000,1.000000,1.000000,1.000000,1.000000,1.000000,1.000000,1.000000,1.000000,1.000000,1.000000,1.000000,1.000000,1.000000,1.000000,1.000000,1.000000,0.486275,1.000000,1.000000,1.000000,1.000000,1.000000,1.000000
1.000000,1.000000,0.819608,0.666667,1.000000,1.000000,1.000000,1.000000,1.000000,1.000000,1.000000,1.000000,1.000000,1.000000,1.000000,1.000000,1.000000,1.000000,1.000000,1.000000,1.000000,1.000000,1.000000,1.000000,1.000000,1.000000,1.000000,1.000000,1.000000,1.000000,1.000000,1.000000,1.000000,1.000000,1.000000,1.000000,1.000000,1.000000,1.000000,1.000000,1.000000,1.000000,1.000000,1.000000,1.000000,1.000000,1.000000,1.000000,1.000000,1.000000,1.000000,1.000000,1.000000,1.000000,1.000000,1.000000,1.000000,0.486275,1.000000,1.000000,1.000000,1.000000,1.000000,1.000000
1.000000,1.000000,0.945098,0.545098,1.000000,1.000000,1.000000,1.000000,1.000000,1.000000,1.000000,1.000000,1.000000,1.000000,1.000000,1.000000,1.000000,1.000000,1.000000,1.000000,1.000000,1.000000,1.000000,1.000000,1.000000,1.000000,1.000000,1.000000,1.000000,1.000000,1.000000,1.000000,1.000000,1.000000,1.000000,1.000000,1.000000,1.000000,1.000000,1.000000,1.000000,1.000000,1.000000,1.000000,1.000000,1.000000,1.000000,1.000000,1.000000,1.000000,1.000000,1.000000,1.000000,1.000000,1.000000,1.000000,1.000000,0.486275,1.000000,1.000000,1.000000,1.000000,1.000000,1.000000
1.000000,1.000000,0.980392,0.509804,1.000000,1.000000,1.000000,1.000000,1.000000,1.000000,1.000000,1.000000,1.000000,1.000000,1.000000,1.000000,1.000000,1.000000,1.000000,1.000000,1.000000,1.000000,1.000000,1.000000,1.000000,1.000000,1.000000,1.000000,1.000000,1.000000,1.000000,1.000000,1.000000,1.000000,1.000000,1.000000,1.000000,1.000000,1.000000,1.000000,1.000000,1.000000,1.000000,1.000000,1.000000,1.000000,1.000000,1.000000,1.000000,1.000000,1.000000,1.000000,1.000000,1.000000,1.000000,1.000000,1.000000,0.486275,1.000000,1.000000,1.000000,1.000000,1.000000,1.000000
1.000000,1.000000,1.000000,0.486275,1.000000,1.000000,1.000000,1.000000,1.000000,1.000000,1.000000,1.000000,1.000000,1.000000,1.000000,1.000000,1.000000,1.000000,1.000000,1.000000,1.000000,1.000000,1.000000,1.000000,1.000000,1.000000,1.000000,1.000000,1.000000,1.000000,1.000000,1.000000,1.000000,1.000000,1.000000,1.000000,1.000000,1.000000,1.000000,1.000000,1.000000,1.000000,1.000000,1.000000,1.000000,1.000000,1.000000,1.000000,1.000000,1.000000,1.000000,1.000000,1.000000,1.000000,1.000000,1.000000,0.972549,0.517647,1.000000,1.000000,1.000000,1.000000,1.000000,1.000000
1.000000,1.000000,1.000000,0.486275,1.000000,1.000000,1.000000,1.000000,1.000000,1.000000,1.000000,1.000000,1.000000,1.000000,1.000000,1.000000,1.000000,1.000000,1.000000,1.000000,1.000000,1.000000,1.000000,1.000000,1.000000,1.000000,1.000000,1.000000,1.000000,1.000000,1.000000,1.000000,1.000000,1.000000,1.000000,1.000000,1.000000,1.000000,1.000000,1.000000,1.000000,1.000000,1.000000,1.000000,1.000000,1.000000,1.000000,1.000000,1.000000,1.000000,1.000000,1.000000,1.000000,1.000000,1.000000,1.000000,0.796078,0.690196,1.000000,1.000000,1.000000,1.000000,1.000000,1.000000
1.000000,1.000000,1.000000,0.572549,0.901961,1.000000,1.000000,1.000000,1.000000,1.000000,1.000000,1.000000,1.000000,1.000000,1.000000,1.000000,1.000000,1.000000,1.000000,1.000000,1.000000,1.000000,1.000000,1.000000,1.000000,1.000000,1.000000,1.000000,1.000000,1.000000,1.000000,1.000000,1.000000,1.000000,1.000000,1.000000,1.000000,1.000000,1.000000,1.000000,1.000000,1.000000,1.000000,1.000000,1.000000,1.000000,1.000000,1.000000,1.000000,1.000000,1.000000,1.000000,1.000000,1.000000,1.000000,1.000000,0.584314,0.886275,1.000000,1.000000,1.000000,1.000000,1.000000,1.000000
1.000000,1.000000,1.000000,0.831373,0.639216,1.000000,1.000000,1.000000,1.000000,1.000000,1.000000,1.000000,1.000000,1.000000,1.000000,1.000000,1.000000,1.000000,1.000000,1.000000,1.000000,1.000000,1.000000,1.000000,1.000000,1.000000,1.000000,1.000000,1.000000,1.000000,1.000000,1.000000,1.000000,1.000000,1.000000,1.000000,1.000000,1.000000,1.000000,1.000000,1.000000,1.000000,1.000000,1.000000,1.000000,1.000000,1.000000,1.000000,1.000000,1.000000,1.000000,1.000000,1.000000,1.000000,1.000000,1.000000,0.470588,1.000000,1.000000,1.000000,1.000000,1.000000,1.000000,1.000000
1.000000,1.000000,1.000000,0.992157,0.447059,1.000000,1.000000,1.000000,1.000000,1.000000,1.000000,1.000000,1.000000,1.000000,1.000000,1.000000,1.000000,1.000000,1.000000,1.000000,1.000000,1.000000,1.000000,1.000000,1.000000,1.000000,1.000000,1.000000,1.000000,1.000000,1.000000,1.000000,1.000000,1.000000,1.000000,1.000000,1.000000,1.000000,1.000000,1.000000,1.000000,1.000000,1.000000,1.000000,1.000000,1.000000,1.000000,1.000000,1.000000,1.000000,1.000000,1.000000,1.000000,1.000000,1.000000,0.952941,0.486275,1.000000,1.000000,1.000000,1.000000,1.000000,1.000000,1.000000
1.000000,1.000000,1.000000,1.000000,0.513725,0.956863,1.000000,1.000000,1.000000,1.000000,1.000000,1.000000,1.000000,1.000000,1.000000,1.000000,1.000000,1.000000,1.000000,1.000000,1.000000,1.000000,1.000000,1.000000,1.000000,1.000000,1.000000,1.000000,1.000000,1.000000,1.000000,1.000000,1.000000,1.000000,1.000000,1.000000,1.000000,1.000000,1.000000,1.000000,1.000000,1.000000,1.000000,1.000000,1.000000,1.000000,1.000000,1.000000,1.000000,1.000000,1.000000,1.000000,1.000000,1.000000,1.000000,0.670588,0.800000,1.000000,1.000000,1.000000,1.000000,1.000000,1.000000,1.000000
1.000000,1.000000,1.000000,1.000000,0.850980,0.607843,1.000000,1.000000,1.000000,1.000000,1.000000,1.000000,1.000000,1.000000,1.000000,1.000000,1.000000,1.000000,1.000000,1.000000,1.000000,1.000000,1.000000,1.000000,1.000000,1.000000,1.000000,1.000000,1.000000,1.000000,1.000000,1.000000,1.000000,1.000000,1.000000,1.000000,1.000000,1.000000,1.000000,1.000000,1.000000,1.000000,1.000000,1.000000,1.000000,1.000000,1.000000,1.000000,1.000000,1.000000,1.000000,1.000000,1.000000,1.000000,1.000000,0.458824,0.996078,1.000000,1.000000,1.000000,1.000000,1.000000,1.000000,1.000000
1.000000,1.000000,1.000000,1.000000,1.000000,0.443137,0.996078,1.000000,1.000000,1.000000,1.000000,1.000000,1.000000,1.000000,1.000000,1.000000,1.000000,1.000000,1.000000,1.000000,1.000000,1.000000,1.000000,1.000000,1.000000,1.000000,1.000000,1.000000,1.000000,1.000000,1.000000,1.000000,1.000000,1.000000,1.000000,1.000000,1.000000,1.000000,1.000000,1.000000,1.000000,1.000000,1.000000,1.000000,1.000000,1.000000,1.000000,1.000000,1.000000,1.000000,1.000000,1.000000,1.000000,1.000000,0.815686,0.619608,1.000000,1.000000,1.000000,1.000000,1.000000,1.000000,1.000000,1.000000
1.000000,1.000000,1.000000,1.000000,1.000000,0.776471,0.694118,1.000000,1.000000,1.000000,1.000000,1.000000,1.000000,1.000000,1.000000,1.000000,1.000000,1.000000,1.000000,1.000000,1.000000,1.000000,1.000000,1.000000,1.000000,1.000000,1.000000,1.000000,1.000000,1.000000,1.000000,1.000000,1.000000,1.000000,1.000000,1.000000,1.000000,1.000000,1.000000,1.000000,1.000000,1.000000,1.000000,1.000000,1.000000,1.000000,1.000000,1.000000,1.000000,1.000000,1.000000,1.000000,1.000000,1.000000,0.494118,0.976471,1.000000,1.000000,1.000000,1.000000,1.000000,1.000000,1.000000,1.000000
1.000000,1.000000,1.000000,1.000000,1.000000,1.000000,0.450980,0.972549,1.000000,1.000000,1.000000,1.000000,1.000000,1.000000,1.000000,1.000000,1.000000,1.000000,1.000000,1.000000,1.000000,1.000000,1.000000,1.000000,1.000000,1.000000,1.000000,1.000000,1.000000,1.000000,1.000000,1.000000,1.000000,1.000000,1.000000,1.000000,1.000000,1.000000,1.000000,1.000000,1.000000,1.000000,1.000000,1.000000,1.000000,1.000000,1.000000,1.000000,1.000000,1.000000,1.000000,1.000000,1.000000,0.800000,0.627451,1.000000,1.000000,1.000000,1.000000,1.000000,1.000000,1.000000,1.000000,1.000000
1.000000,1.000000,1.000000,1.000000,1.000000,1.000000,0.847059,0.564706,1.000000,1.000000,1.000000,1.000000,1.000000,1.000000,1.000000,1.000000,1.000000,1.000000,1.000000,1.000000,1.000000,1.000000,1.000000,1.000000,1.000000,1.000000,1.000000,1.000000,1.000000,1.000000,1.000000,1.000000,1.000000,1.000000,1.000000,1.000000,1.000000,1.000000,1.000000,1.000000,1.000000,1.000000,1.000000,1.000000,1.000000,1.000000,1.000000,1.000000,1.000000,1.000000,1.000000,1.000000,0.984314,0.427451,0.996078,1.000000,1.000000,1.000000,1.000000,1.000000,1.000000,1.000000,1.000000,1.000000
1.000000,1.000000,1.000000,1.000000,1.000000,1.000000,1.000000,0.568627,0.843137,1.000000,1.000000,1.000000,1.000000,1.000000,1.000000,1.000000,1.000000,1.000000,1.000000,1.000000,1.000000,1.000000,1.000000,1.000000,1.000000,1.000000,1.000000,1.000000,1.000000,1.000000,1.000000,1.000000,1.000000,1.000000,1.000000,1.000000,1.000000,1.000000,1.000000,1.000000,1.000000,1.000000,1.000000,1.000000,1.000000,1.000000,1.000000,1.000000,1.000000,1.000000,1.000000,1.000000,0.580392,0.827451,1.000000,1.000000,1.000000,1.000000,1.000000,1.000000,1.000000,1.000000,1.000000,1.000000
1.000000,1.000000,1.000000,1.000000,1.000000,1.000000,1.000000,0.984314,0.443137,0.964706,1.000000,1.000000,1.000000,1.000000,1.000000,1.000000,1.000000,1.000000,1.000000,1.000000,1.000000,1.000000,1.000000,1.000000,1.000000,1.000000,1.000000,1.000000,1.000000,1.000000,1.000000,1.000000,1.000000,1.000000,1.000000,1.000000,1.000000,1.000000,1.000000,1.000000,1.000000,1.000000,1.000000,1.000000,1.000000,1.000000,1.000000,1.000000,1.000000,1.000000,1.000000,0.796078,0.596078,1.000000,1.000000,1.000000,1.000000,1.000000,1.000000,1.000000,1.000000,1.000000,1.000000,1.000000
1.000000,1.000000,1.000000,1.000000,1.000000,1.000000,1.000000,1.000000,0.898039,0.462745,0.996078,1.000000,1.000000,1.000000,1.000000,1.000000,1.000000,1.000000,1.000000,1.000000,1.000000,1.000000,1.000000,1.000000,1.000000,1.000000,1.000000,1.000000,1.000000,1.000000,1.000000,1.000000,1.000000,1.000000,1.000000,1.000000,1.000000,1.000000,1.000000,1.000000,1.000000,1.000000,1.000000,1.000000,1.000000,1.000000,1.000000,1.000000,1.000000,1.000000,0.913725,0.450980,0.992157,1.000000,1.000000,1.000000,1.000000,1.000000,1.000000,1.000000,1.000000,1.000000,1.000000,1.000000
1.000000,1.000000,1.000000,1.000000,1.000000,1.000000,1.000000,1.000000,1.000000,0.807843,0.552941,1.000000,1.000000,1.000000,1.000000,1.000000,1.000000,1.000000,1.000000,1.000000,1.000000,1.000000,1.000000,1.000000,1.000000,1.000000,1.000000,1.000000,1.000000,1.000000,1.000000,1.000000,1.000000,1.000000,1.000000,1.000000,1.000000,1.000000,1.000000,1.000000,1.000000,1.000000,1.000000,1.000000,1.000000,1.000000,1.000000,1.000000,1.000000,0.960784,0.427451,0.972549,1.000000,1.000000,1.000000,1.000000,1.000000,1.000000,1.000000,1.000000,1.000000,1.000000,1.000000,1.000000
1.000000,1.000000,1.000000,1.000000,1.000000,1.000000,1.000000,1.000000,1.000000,1.000000,0.764706,0.596078,1.000000,1.000000,1.000000,1.000000,1.000000,1.000000,1.000000,1.000000,1.000000,1.000000,1.000000,1.000000,1.000000,1.000000,1.000000,1.000000,1.000000,1.000000,1.000000,1.000000,1.000000,1.000000,1.000000,1.000000,1.000000,1.000000,1.000000,1.000000,1.000000,1.000000,1.000000,1.000000,1.000000,1.000000,1.000000,1.000000,0.960784,0.462745,0.933333,1.000000,1.000000,1.000000,1.000000,1.000000,1.000000,1.000000,1.000000,1.000000,1.000000,1.000000,1.000000,1.000000
1.000000,1.000000,1.000000,1.000000,1.000000,1.000000,1.000000,1.000000,1.000000,1.000000,1.000000,0.764706,0.517647,0.984314,1.000000,1.000000,1.000000,1.000000,1.000000,1.000000,1.000000,1.000000,1.000000,1.000000,1.000000,1.000000,1.000000,1.000000,1.000000,1.000000,1.000000,1.000000,1.000000,1.000000,1.000000,1.000000,1.000000,1.000000,1.000000,1.000000,1.000000,1.000000,1.000000,1.000000,1.000000,1.000000,1.000000,0.905882,0.427451,0.933333,1.000000,1.000000,1.000000,1.000000,1.000000,1.000000,1.000000,1.000000,1.000000,1.000000,1.000000,1.000000,1.000000,1.000000
1.000000,1.000000,1.000000,1.000000,1.000000,1.000000,1.000000,1.000000,1.000000,1.000000,1.000000,1.000000,0.843137,0.439216,0.917647,1.000000,1.000000,1.000000,1.000000,1.000000,1.000000,1.000000,1.000000,1.000000,1.000000,1.000000,1.000000,1.000000,1.000000,1.000000,1.000000,1.000000,1.000000,1.000000,1.000000,1.000000,1.000000,1.000000,1.000000,1.000000,1.000000,1.000000,1.000000,1.000000,1.000000,1.000000,0.756863,0.466667,0.972549,1.000000,1.000000,1.000000,1.000000,1.000000,1.000000,1.000000,1.000000,1.000000,1.000000,1.000000,1.000000,1.000000,1.000000,1.000000
1.000000,1.000000,1.000000,1.000000,1.000000,1.000000,1.000000,1.000000,1.000000,1.000000,1.000000,1.000000,1.000000,0.952941,0.478431,0.713725,1.000000,1.000000,1.000000,1.000000,1.000000,1.000000,1.000000,1.000000,1.000000,1.000000,1.000000,1.000000,1.000000,1.000000,1.000000,1.000000,1.000000,1.000000,1.000000,1.000000,1.000000,1.000000,1.000000,1.000000,1.000000,1.000000,1.000000,1.000000,0.976471,0.537255,0.631373,1.000000,1.000000,1.000000,1.000000,1.000000,1.000000,1.000000,1.000000,1.000000,1.000000,1.000000,1.000000,1.000000,1.000000,1.000000,1.000000,1.000000
1.000000,1.000000,1.000000,1.000000,1.000000,1.000000,1.000000,1.000000,1.000000,1.000000,1.000000,1.000000,1.000000,1.000000,1.000000,0.690196,0.466667,0.878431,1.000000,1.000000,1.000000,1.000000,1.000000,1.000000,1.000000,1.000000,1.000000,1.000000,1.000000,1.000000,1.000000,1.000000,1.000000,1.000000,1.000000,1.000000,1.000000,1.000000,1.000000,1.000000,1.000000,1.000000,1.000000,0.741176,0.435294,0.862745,1.000000,1.000000,1.000000,1.000000,1.000000,1.000000,1.000000,1.000000,1.000000,1.000000,1.000000,1.000000,1.000000,1.000000,1.000000,1.000000,1.000000,1.000000
1.000000,1.000000,1.000000,1.000000,1.000000,1.000000,1.000000,1.000000,1.000000,1.000000,1.000000,1.000000,1.000000,1.000000,1.000000,1.000000,0.960784,0.556863,0.517647,0.878431,1.000000,1.000000,1.000000,1.000000,1.000000,1.000000,1.000000,1.000000,1.000000,1.000000,1.000000,1.000000,1.000000,1.000000,1.000000,1.000000,1.000000,1.000000,1.000000,1.000000,1.000000,0.737255,0.478431,0.698039,1.000000,1.000000,1.000000,1.000000,1.000000,1.000000,1.000000,1.000000,1.000000,1.000000,1.000000,1.000000,1.000000,1.000000,1.000000,1.000000,1.000000,1.000000,1.000000,1.000000
1.000000,1.000000,1.000000,1.000000,1.000000,1.000000,1.000000,1.000000,1.000000,1.000000,1.000000,1.000000,1.000000,1.000000,1.000000,1.000000,1.000000,1.000000,0.949020,0.568627,0.474510,0.662745,0.960784,1.000000,1.000000,1.000000,1.000000,1.000000,1.000000,1.000000,1.000000,1.000000,1.000000,1.000000,1.000000,1.000000,1.000000,1.000000,0.886275,0.572549,0.454902,0.701961,1.000000,1.000000,1.000000,1.000000,1.000000,1.000000,1.000000,1.000000,1.000000,1.000000,1.000000,1.000000,1.000000,1.000000,1.000000,1.000000,1.000000,1.000000,1.000000,1.000000,1.000000,1.000000
1.000000,1.000000,1.000000,1.000000,1.000000,1.000000,1.000000,1.000000,1.000000,1.000000,1.000000,1.000000,1.000000,1.000000,1.000000,1.000000,1.000000,1.000000,1.000000,1.000000,0.996078,0.776471,0.509804,0.470588,0.537255,0.741176,0.898039,0.992157,1.000000,1.000000,1.000000,1.000000,1.000000,0.964706,0.854902,0.678431,0.498039,0.470588,0.568627,0.882353,1.000000,1.000000,1.000000,1.000000,1.000000,1.000000,1.000000,1.000000,1.000000,1.000000,1.000000,1.000000,1.000000,1.000000,1.000000,1.000000,1.000000,1.000000,1.000000,1.000000,1.000000,1.000000,1.000000,1.000000
1.000000,1.000000,1.000000,1.000000,1.000000,1.000000,1.000000,1.000000,1.000000,1.000000,1.000000,1.000000,1.000000,1.000000,1.000000,1.000000,1.000000,1.000000,1.000000,1.000000,1.000000,1.000000,1.000000,1.000000,0.933333,0.749020,0.592157,0.498039,0.486275,0.486275,0.486275,0.486275,0.486275,0.521569,0.631373,0.811765,0.972549,1.000000,1.000000,1.000000,1.000000,1.000000,1.000000,1.000000,1.000000,1.000000,1.000000,1.000000,1.000000,1.000000,1.000000,1.000000,1.000000,1.000000,1.000000,1.000000,1.000000,1.000000,1.000000,1.000000,1.000000,1.000000,1.000000,1.000000
1.000000,1.000000,1.000000,1.000000,1.000000,1.000000,1.000000,1.000000,1.000000,1.000000,1.000000,1.000000,1.000000,1.000000,1.000000,1.000000,1.000000,1.000000,1.000000,1.000000,1.000000,1.000000,1.000000,1.000000,1.000000,1.000000,1.000000,1.000000,1.000000,1.000000,1.000000,1.000000,1.000000,1.000000,1.000000,1.000000,1.000000,1.000000,1.000000,1.000000,1.000000,1.000000,1.000000,1.000000,1.000000,1.000000,1.000000,1.000000,1.000000,1.000000,1.000000,1.000000,1.000000,1.000000,1.000000,1.000000,1.000000,1.000000,1.000000,1.000000,1.000000,1.000000,1.000000,1.000000
1.000000,1.000000,1.000000,1.000000,1.000000,1.000000,1.000000,1.000000,1.000000,1.000000,1.000000,1.000000,1.000000,1.000000,1.000000,1.000000,1.000000,1.000000,1.000000,1.000000,1.000000,1.000000,1.000000,1.000000,1.000000,1.000000,1.000000,1.000000,1.000000,1.000000,1.000000,1.000000,1.000000,1.000000,1.000000,1.000000,1.000000,1.000000,1.000000,1.000000,1.000000,1.000000,1.000000,1.000000,1.000000,1.000000,1.000000,1.000000,1.000000,1.000000,1.000000,1.000000,1.000000,1.000000,1.000000,1.000000,1.000000,1.000000,1.000000,1.000000,1.000000,1.000000,1.000000,1.000000
